00000762
13153768
75560520
45865012
53276704
21895910
04704451
67886448
67929624
93469288
38350200
51941632
83096528
03457188
05346155
52970004
67114928
00769805
38341548
06684208
41748596
68677256
58897664
93043640
84616688
52692868
09196472
65391876
41599916
70119048
91032072
76219800
26245284
04746437
73608184
32823420
63263844
75641040
99103736
36533856
24703884
98255016
72266032
75335576
65151836
07268572
63163472
88470696
27270984
43641140
76649472
47773172
23777438
27490664
35926484
16650701
48651720
89765624
90920808
06056428
90465304
50452280
51629184
31903290
98664192
49397660
26614428
09073281
94776416
07374906
50070692
38414192
27708172
91381744
52974724
46444560
94097968
05008387
76151416
77020456
82781720
12536526
01586747
68845512
86824704
62954332
73622440
72541192
99945784
88857200
23319482
30632162
35101508
51327348
59111356
84598136
41208076
84151056
26931716
41539456
53730392
46791720
28721214
17832756
15371990
57165480
80240560
03305363
53444980
49848008
95536064
74829248
55458380
89073728
62484908
84203960
15976739
21275138
71470976
13042712
09099030
27458810
00299954
41429304
02687621
70981952
93789720
23991060
18089580
31753946
88699056
65205860
15033484
68134616
38581468
38772512
49974084
14753294
58718656
84557560
59010840
95540880
55614592
14815140
98330496
40876652
14181972
56489848
25212622
48851444
46403052
96109512
12603068
19975710
31924962
62926912
12671208
65125372
62163400
80307296
24784160
47643160
38931392
20325016
02837515
90167328
42649724
14202094
94748664
41031288
13118839
88564824
09217358
16219854
07106352
36533880
25305724
13510919
78315304
45530724
34952404
45230008
80894448
93167424
65164588
21524834
67959216
90892168
25012540
86085960
47126220
50595568
60039352
81756136
75584344
46224476
95136736
63273860
43933012
82469728
68898080
70220664
98714544
95441488
85126952
28931618
53742552
51443456
10343385
41402840
57671644
87656568
44003844
72974752
86926368
71564224
80072024
70653536
74171568
01909232
88603088
52498724
46332264
06519365
71342232
48894308
66767884
68204904
19955468
91663384
86588264
89001848
54394816
13919497
45034744
98936248
21553182
44602324
31573224
51465940
88150408
43972540
46753168
80664968
36515784
21151876
99911640
15360427
63048816
61635016
00059485
00087881
77335192
72733496
31917738
41772364
68249416
68056176
20526170
83641984
70892048
82870792
09454870
08173752
76400472
62957168
21385216
21354676
08106065
38882304
95215968
94754504
38985348
26921464
69216896
28403496
77686576
78386496
42245960
28215576
19396734
01131606
19182372
98323560
24405408
81972600
13645482
39814352
60101008
17688036
82835456
15773106
98793696
25716854
23359918
10163736
21941042
63471724
69600728
79476976
69624280
75294016
66952060
63342976
05644059
59821652
22700762
31877780
69983432
11743689
76257064
52612304
55391120
58798884
32966638
70298936
14304519
16168761
48532508
86022568
81326560
55683564
73899648
31600714
13533211
52854824
31073880
58811904
51808356
43084764
25884270
37022616
39301752
44686580
47589612
38783120
27929282
07826304
36974192
25392222
67178392
67623688
51393628
72860816
72076776
94475272
46069716
94016288
32155990
46043396
51714516
66135548
40183280
60563968
98650264
15039372
67009832
34381748
54171012
52280760
82923864
01495051
27420950
64297868
54613636
91784760
26661324
97008656
24673296
84397528
69402360
45575140
81710128
02208352
16074872
70694992
70782616
43663836
58242108
75170992
99153280
69567896
27951170
75386264
17117882
00425386
49569108
07991671
16308093
90330104
78299192
74667904
43642544
00634145
58478712
51847840
06684971
54402256
38973140
21582580
38576936
62686132
65905332
70931984
53866124
28028870
81593200
37190960
68610144
31016874
00934743
10379720
52095984
77588008
22068500
05527878
07063484
16027379
72376368
29702210
05060243
47780420
45716168
51998828
44648956
15031147
28594232
83368208
69563720
57777596
68116424
33117486
05747509
98688296
54239296
00165724
85619256
02935528
37755036
48965168
57617284
73895856
67933200
53626656
03558755
12250686
97335552
18827558
35131860
61412548
60761140
12593269
55286192
95402840
35692476
83810160
97425224
25901412
25152754
42433572
81304792
89791416
24458600
76061728
69485640
45185112
26362014
66550328
11657095
20956230
11367559
54697464
00607919
17597414
59935928
43190812
08250642
68741440
37530996
83620640
12363720
97334600
02963519
08035302
49424456
76943728
93403032
25015522
35965776
76911400
49995516
74925160
67190336
68166568
75677016
03636741
23057174
22166728
56260204
65262176
61661028
37146568
22480106
23369146
65301156
16592741
74410416
15975761
04763841
66199352
12494469
94915696
48418044
62104560
91402480
01794433
59354544
72187160
49658180
05369425
44163252
51917480
77194408
06535625
44279028
97718000
46774124
32905602
44592976
74327376
20534110
17137932
37251972
93972536
96485112
25495744
07033515
12384868
52633764
16008306
51770712
10518479
84157584
36856200
42389036
32722736
71354648
57677580
87188408
75824568
83659768
69979096
38906004
93524144
60560252
36208344
53950452
45507216
40169216
24044036
08308553
42157864
47237992
28976632
10496902
21638608
80201864
52743888
66882016
86364272
24375010
71156432
26366282
38282132
08100533
45976256
23286676
79535248
49134304
00322866
26611900
66468884
42519092
18682456
96347544
13403893
79585552
94604448
17115522
60600112
06380343
34749152
29246784
50965808
82583640
83433840
72644304
32943416
80208424
63176320
04534054
04142022
15331507
76706480
06173134
51930308
92914960
22051548
20456290
08899260
69969080
70646120
49463080
26177836
71157120
37836600
20064450
23260760
43609620
46949840
86118720
97723816
44451904
03424286
52377152
03163862
75317360
59158804
82289096
32957864
23207808
53652812
43061828
40358092
98732472
96690968
85053040
86751416
31160498
14839029
99759840
63952328
46807456
93191456
69077256
81540656
54153444
57280636
15921593
94525000
82133368
15541387
04107475
34361316
11001921
09653807
51877308
02240491
56148364
85687592
51690792
67452456
73717472
69846008
02279949
19198370
67099096
34587168
06629014
14071035
92111728
22165632
38011456
58601572
16731262
02633953
69112632
76234392
71369528
07732415
58980916
92550304
92969776
43044592
50596952
83125592
91923592
60163760
72383640
51933648
49081684
16141939
97611544
57436012
27325106
53142716
69855808
66704916
09743237
54873608
61073756
66796540
49512528
57158256
58888792
44131304
15121675
50227452
73136376
03165650
05161667
52206324
32064224
03505945
24514222
10718036
38296844
55182932
59716844
61111044
93525144
77203008
51314832
48668100
65012764
69699576
40753768
48684932
47978280
71044992
53419852
27664686
60553812
28010368
70336936
53048944
93825384
23540258
41349412
59747600
78300216
92025232
68149088
82117728
52741288
23026968
14368415
89952112
25142192
65151452
00481557
93593576
27535296
85876584
27892852
95243072
50681972
12294960
41647528
70247128
43649100
10773873
76617480
09986544
44126512
34457636
29706406
75762104
33850956
33075834
05560612
57318284
48528600
20248174
11447453
97434784
86460944
49184060
36739468
80491232
16220379
15957975
05772280
14925122
46810128
38060808
88370440
42413332
41224788
65129448
30832744
06014228
81441640
89765664
91949176
90121792
77004624
17079616
57244180
03140354
80326768
52221440
86162160
27719808
86949400
58686184
38917184
81189536
52567004
93987128
42003800
57986236
74914504
88078400
33808468
18954850
74312592
71891928
87916160
07286882
71011352
87905976
35937928
08985305
16102910
41679620
09642839
67469264
56261156
81304672
87819168
76936008
63520528
89652392
87841272
48647068
11307049
37748432
38261940
68757776
12173939
07682156
14330196
47764064
70858792
23801922
39096640
97588064
62876652
68119856
90869048
36240004
85921288
79427792
42887308
07351088
49863052
48387264
45073460
49965716
74075864
93284344
30012154
14619541
11001825
08032202
97247600
40817736
23841024
96316000
83347392
19807982
12948132
19630742
33911896
57567908
44026804
58567452
43287708
36820244
38231684
60013248
42947268
14878726
67019652
99540040
69806624
40273976
84927824
81952712
79338216
37424920
00960779
47977852
63905788
64649512
64489768
79903456
37736392
35767172
38950036
33430672
69358848
14489722
29152536
66685628
85436512
31469870
14414239
60224940
00558805
92082928
38195492
51653148
34445548
26413346
29099966
83364800
12439060
63461924
04869723
45804572
37681652
15587282
75585560
66597320
01153039
79488064
56091428
28865432
41556000
32061124
51459028
71915504
84204384
23189520
46500684
37335920
05004287
07385015
20244932
56618260
83152392
42255236
83954832
29304338
18119574
35752560
93410992
58941912
36904024
46305872
62783028
94445208
40578628
05048156
44484996
59592700
74831104
86417152
13102293
10457921
66530800
83337760
58128500
65859340
98203232
01891589
92147280
19467878
96772312
52307224
27879572
71979472
59045840
83708168
83469128
65988756
73044800
64302660
34952904
53487612
66414712
32342886
86918784
44237016
91796712
27666736
95175312
11723781
41600728
83637520
96253536
33292818
52618168
53595616
81810712
92988992
66289280
24322844
94142888
59672308
12603354
24697352
88672544
19617772
16295791
83599688
60240508
62324260
83867856
67164800
39155532
87128376
66734768
11560655
00004005
67606520
62875296
45454716
57434584
03226924
35139252
85508224
37083720
66142536
57642984
05995965
74446824
27949310
44262360
17641998
09180069
89724472
99241928
59415912
03300333
69093152
48721172
56933976
89572408
43450260
68859408
20315814
48172020
27244282
94711968
24430012
95326208
47695160
12708759
96143600
85715560
21740962
00700783
78247448
05039310
96005464
64137388
57340004
13709331
12904286
82462672
50185372
65588760
50505876
52645420
11839724
90305640
66890432
27758574
38670732
39149332
83109664
24300122
12344408
72830656
64807512
20121646
84869528
02255630
10556221
18797874
36096740
77965832
71920416
66636396
58096908
35117244
15715408
29209066
16910934
22369670
67135144
40476488
88651016
57936216
34184764
43724036
69963912
83428264
79198240
84906768
28221940
26466156
16996074
53353192
07318353
99873544
75017072
12222075
16459942
42510676
77320240
21356774
43392824
03307724
92932128
10604286
26628662
48204852
79278016
25752426
21391558
28246426
38062740
20812320
92852760
76406336
61656308
57585264
35633396
90784768
19790030
11410666
79114032
69816256
01825118
74796888
11452913
89496352
65462876
34589052
38241292
21504902
33129144
01778507
91436792
78546976
39345072
72998336
83155080
87779664
12960911
34342480
94206928
36219144
35206032
08065510
57189108
77639344
84420136
49329544
81731656
64273428
43537520
35231424
34915684
28154444
91911840
62615228
74458000
15754008
77641752
25195504
61205768
85460304
31460738
60844444
12592196
37366176
13329315
26186252
12603092
20281720
75052472
07095003
45891356
96324352
23467564
19751788
68394592
08132648
85423640
15256262
12017655
80912376
94419240
04552030
06026220
82972216
14117932
80116776
22748828
39921452
59919404
65520620
05372667
98636344
81230496
41357948
03183817
10804868
97446680
86711904
67107940
83436872
23821712
71693872
58970784
22253966
22776222
00157356
44781400
40976572
93300536
02246165
51349880
37650132
85951040
79387208
60946800
33180356
62400508
65387296
64438964
25911974
02600026
98704144
20774912
64232516
56032468
37693332
12069058
44910668
13771558
58579992
54260016
48360108
88659952
08159470
36259292
10080910
29921102
84166792
91300200
82792688
97029880
81327984
79787208
83979584
44872020
64209508
69392584
81575920
46820928
19363356
40155460
93065192
46720864
37844444
51759528
22775602
89926720
98584720
13699389
45848084
68913416
27901506
40927816
73993160
03125500
30393242
19264650
81318928
27486848
71776080
40862632
78507280
72229288
57705904
63293840
79859568
00027513
62779476
34643124
47185636
49220728
52961968
31854916
85792448
13800192
39914228
38691284
84643624
05613470
45687892
76553152
29249478
96192048
99999976
99909208
74161648
34978248
79658464
19900036
60073424
54282452
25169278
20161676
57562400
51375888
74770072
60801984
98963496
79845024
55477740
14667130
10701036
52378440
24630022
57162692
33436512
67870928
06936645
84464048
87626168
33207250
14540029
74407456
66189100
40278364
58502720
55545260
49411632
61450124
92482976
61392592
25638342
03966307
62071420
34348916
02416658
17139340
61072300
42384528
56843756
73037264
37397288
36564372
37627672
08660555
58311512
41816568
11080647
32526230
68516472
56398344
87187072
53186012
97453784
06024122
47534420
11013198
99217864
54951476
69870448
12723708
47498416
05934691
44510724
91797688
43951084
85851096
99717664
54930212
12428427
84632512
19025778
66434552
65627240
97319320
45761632
15934658
13918495
28333258
97296336
59795620
85220816
06288600
92562320
94939400
46666740
28223110
46025036
43082428
86613896
19863058
38476564
75919632
81422448
67273880
72158504
68336488
31398630
16848254
68804192
92093560
16576433
00381827
17630600
17815160
19805240
66827344
67445208
51748204
32340478
46696736
32082414
09364367
87043736
44512080
14777470
65204620
94198128
88235024
66092704
20391322
17034650
01607441
16541362
10908318
36119224
56113292
96383904
24549436
02386069
03004002
88617160
88635160
91322328
54740120
17257596
48704792
81441856
93660856
58306336
54890632
47175288
75333664
33231210
17245864
51296352
38042640
82816480
96703768
00477767
30138946
45456576
89045288
84353232
25035596
73391080
83955624
42296100
70847896
40587400
52629996
52556016
09153342
40368772
78213024
26478886
30785870
18496776
75662640
62067248
64534568
32731318
15423226
18435502
45519900
53318024
16242790
92576936
40905736
03118729
16728520
56506108
98543096
14025903
33356976
30911828
35432624
16286778
32215024
37958216
64137556
60231064
03768277
33510304
07821393
54402852
49112200
28787112
25271844
43932032
65861392
32557868
00166416
97269584
10086966
31837654
95551536
34926892
16540623
98548912
11644197
04188490
96095584
78528096
22039032
10146093
25456262
43751072
24301076
28259348
54922844
88230208
85164928
67046808
55761028
75783304
90199640
85338000
75969720
23394990
99829008
26128244
37504004
29950284
74552200
99183464
76631328
42860936
64166500
46380092
10246801
18188024
86336064
50335740
93097496
89803600
29116606
62914108
97539976
54404880
83066896
05480981
18962168
97529384
76520896
86987736
03233862
51843716
37543680
96966696
19314718
22857118
59694744
89650416
54947828
08477283
77698400
77108976
70839832
05193567
88356448
07163644
99466112
26991724
49977304
68731760
74843480
94464728
68970728
91177296
17122698
81533168
28282738
48187708
91085264
70318296
39930772
16843582
90249344
21006394
54836512
37277700
26315260
80670168
23583364
65891196
33560540
52213072
45288300
60687016
66710424
02176571
81920480
37731528
54179620
96969984
74628376
79328584
75869896
45322800
40674972
24422574
70227960
21381926
66117716
40704916
27639318
34314872
30146288
68840072
95429136
77818176
90230368
02165603
97424008
05375194
40995788
16355062
79603792
01157856
60200620
92146776
10992694
54501532
07303834
55651712
38338064
48142980
39093280
40867232
55910872
94107792
69902944
58963584
01114296
28276228
38738276
74579432
56569004
55430864
26858544
11716318
16162038
35430504
80830976
26573396
19167090
41444920
64815424
52966452
07285475
46994568
37895512
09885716
49325468
13281465
21624542
43829060
35312628
99380568
89214896
34993984
43915032
80162904
98216816
30121828
57663776
55192136
14324427
50654484
49983500
72964120
08259749
21706248
17292690
38521884
37462140
26436376
16468453
85650280
24542690
89336512
79115632
96419648
25074554
28408098
54981352
71889760
51529028
48648476
35186864
85847616
41221024
02040290
91568736
95951488
56863188
99788168
40052272
58766008
80635480
40822528
04340720
54543520
13009882
57469916
96921992
68133544
20720912
56386208
83068296
29287220
30606150
97798440
98492192
58370496
33286834
52157308
08239460
80773952
68165616
59476424
20415282
20040226
16393638
28078746
19746470
79305456
87182640
78920032
09074545
16000748
24702572
76143960
51706956
39179300
86799144
33269430
59670256
78020976
98672888
95435360
82279848
77703832
68643072
84194824
62799836
76839376
39665508
58525728
42005108
80159904
47775864
69077232
81362224
55091880
29479290
58698584
47431992
89863920
42924120
25991916
46403264
00003910
65806460
09184027
56230592
67904232
66762328
74526384
65246512
98198840
27969194
78276920
00518155
08681250
05919695
92676928
21465922
78135608
25366116
28659106
73816224
29585720
47319032
90997336
92306112
89178608
25065446
75240568
68390944
46810676
47392200
20875264
50638984
89777064
83506608
95870592
97310136
91843560
14870358
26289010
39648772
77145048
77061776
77571560
45447828
41867280
63632084
64709592
74200200
82949184
27213526
78022120
18040800
11999679
78770688
99185296
07725477
42493248
84111568
63354208
94481040
43035316
94596264
79855872
37717892
24679160
82870456
04160332
22860074
09400010
86142920
04349088
95465112
82423208
86901352
51197408
75010392
99829936
41745760
21160244
40370728
10890460
36205720
09687638
20392608
38708996
82357928
89920640
96583656
81706520
41683912
81744048
72496320
45852400
41510032
59270548
60335968
66751860
98743008
73909688
00420212
62546132
13017750
89609552
67783216
32832956
23683286
45145940
68074344
25882936
14599276
70384928
59877968
69096640
07371211
87964536
20296382
21673894
73259856
78562232
95821456
71546008
74047688
19522906
21544694
02045798
83915976
76082680
21862436
42019796
27070116
67685104
83584496
05049205
62281372
63369156
45773244
10952115
72523448
01751709
41283608
53817464
10225725
64035416
43577240
02780032
24247790
32990002
63184236
37576868
54464008
76885080
07894087
76272056
04826450
18459392
47033000
83848024
33845212
36834956
85379816
78671240
27856326
81529736
70333168
89789176
87037608
41281484
18198084
55444336
53093052
35096836
72529128
97198984
23532676
14084816
23774624
80156016
82230016
40101552
86788848
60237028
03865957
75513104
48771216
97860144
35525252
72988416
16504288
87887832
31032752
67758368
15037107
28785062
90670680
02216863
59171440
94459608
82933096
56810904
21134210
03037905
58211684
64164664
15505838
06826353
30752492
57430624
36860872
21003342
03497076
75695040
06522727
27534770
77059392
37420724
30287098
35443352
96725296
62228204
69782496
34659076
15443063
51600908
56546044
69641736
68898704
80766680
45884060
73613144
16179729
32784032
01246142
44063808
80549360
93309712
56348944
56705976
57565212
98778656
72845296
11117435
51082540
44448592
47477508
54498624
58518148
14849305
72562168
52545620
34518860
58779264
03295683
90895200
75757168
50796724
40914272
46320940
16253304
69328448
03466963
69275712
17172884
25072550
94703056
74342944
82009200
28870892
33263850
65555024
83503440
42431356
44138932
43143080
05904579
38315248
64428616
51801084
20888544
73782872
68885064
51331972
36701964
50229788
12372303
41558932
81323408
02912712
54055548
11594748
73288680
63203120
54968216
51078152
70681928
51209140
72094800
97564720
70529792
94647360
38219952
63016488
18435692
48874284
30414032
68683864
70023488
84943696
49025988
80051040
17923760
44982648
23401094
02347397
52768900
87179968
33893348
45871808
67461088
18763590
59673668
35716176
82093312
42310048
05187368
84501312
13868761
92401096
85606096
82013560
02225113
97490760
27558350
73594904
09917450
82904624
78217480
01236367
79738232
60534380
01722765
54719020
62682368
02905392
31198764
57704044
32061934
65162204
81428768
73563000
73705504
68656680
12975264
75422832
31617784
00321912
10409760
56939864
88381096
21179366
61612652
24096370
87821080
08867574
37696148
59366940
80379536
38975692
64787268
79782608
06306767
98093584
59189392
96158312
33128238
86376216
25069738
47272896
15885448
87075112
71476384
03974962
07198119
79015776
18587732
04130625
23785806
68264368
19275594
65141560
34439636
27341676
31701208
02272725
98014072
22833704
66217756
22121310
92890216
06174707
78623704
28848982
65123964
38461232
18115902
74065896
25718642
53352904
02429223
28217292
48372292
93484664
96766736
58707000
88548496
34568144
86928080
00655627
19184328
31196666
22576952
51007412
81794592
22041654
54371332
19189500
18305730
64466548
89364504
49492932
27947498
13907003
35176896
18377400
69322776
08234906
04315805
36051892
24402308
29681492
57067776
38414644
35109568
86667992
28927922
91874336
32074404
74710896
66244960
79383184
93392704
51608228
79501440
80908584
30752516
57799244
32290698
10014033
05918288
69031904
19500398
43336200
51587556
32281446
54322504
98391200
61236428
00696015
98128912
52702092
64322160
62736892
19130612
28518892
17168092
44356084
92878816
14413023
39738632
87244560
19591570
75610160
80132488
86879424
82425928
32817102
57092880
60314656
08423901
80574200
10914588
41725136
74411392
32359480
65969540
50380824
50680636
89850496
17578698
45304132
26800776
40890408
45462920
95436168
95891472
48224972
17419434
68504288
51579140
90656232
59662032
40041304
74314144
98044536
34589028
38031532
96292184
82906512
09954953
13274837
10440779
78549360
79423928
78011416
38010048
35105252
13983703
24335670
09686565
02434206
12100315
70385624
71327952
08880687
57957576
93107560
58764720
58963488
99533368
57643032
06463194
27252770
37587048
25675226
23846078
81043504
98288056
27465534
13411331
04466223
64167164
57878588
65565132
53527404
35109876
91960952
87934040
07753730
17158628
85193560
48342680
95657136
09600735
59767484
12306976
43363596
12044954
39662836
13409042
66117812
42159056
67360352
25783730
47340800
56992792
78045968
18707872
23294782
15437794
63364076
60061192
48557712
09716368
03101921
34329652
78496552
91702344
41315700
93129448
26591564
24545764
40708016
80003216
14193988
58675504
59277748
81184504
68046144
51644088
82326744
65886520
55134056
38345648
75475648
19445038
12777758
55962228
57230328
70176744
60756016
26398324
77010272
11747384
38329552
05117631
12322521
04725194
16479993
79397536
34564640
28011178
84186480
22318840
13003540
50813724
26252746
29923748
28453064
11028194
51068880
14666367
98017624
82238984
90644888
68758896
30851578
22613574
66431616
16303897
19870878
69900080
11073256
08234882
03749179
12716031
18576980
23411942
84719800
85769560
29079342
36862468
47868156
20108676
66524004
68965552
04353904
76362368
22770334
01314210
88286040
23559904
71459416
18421268
06306147
87669656
64009356
05429697
57017516
93692688
93329480
88548568
35969068
32192158
54008292
17557930
96532152
16271305
71993712
98578928
16098309
64399696
66061376
93836328
07263493
77772280
19125604
44282104
49646760
13152242
49778892
34083296
38224340
36631320
62870956
72534848
93554904
77318976
00130081
86603808
50552844
42044328
39302992
65523504
53796768
62392928
38040520
47319196
93911864
76978424
76600600
26374578
77759768
08791924
66225768
56612752
90856792
30273438
05950737
14163566
47365500
71964096
00956440
75222352
62319636
06453323
61133384
69111040
49348448
99605920
76769088
58182716
77259616
02476978
30674506
46635104
96182608
41418172
15476942
21320676
36680152
83510400
59387064
18537378
57956888
81746008
05357671
46717264
77136848
39444472
43412400
32583428
29677558
91082880
30169034
51077604
61540724
15072584
25078488
94210648
98396512
50317716
90108224
49027204
00233674
27571822
99987504
90361288
02499222
04718613
05836248
90225216
15443158
53501152
93921016
30613970
29150748
36651920
09174490
96045944
44532968
65951348
44681264
58368228
94844512
51695728
50457360
37190960
68772152
53849100
41964912
04437446
80377816
10043168
95892048
58027504
68499064
64170336
10869360
81621096
06042909
63423108
52372028
16792846
37441204
74383592
65298200
67002512
11523390
73972728
59932948
93152928
21402144
06113982
57912540
36288236
96805928
17580842
81396224
26464582
90394256
56411292
04828214
48075152
99177120
69947744
11809444
81338048
48836804
00203466
19831418
07059049
41720700
00000619
10531139
97247720
42521524
59617496
91594648
31481122
03235554
80363008
61243676
22760772
40395452
26670242
46969724
20231914
37976100
64580132
98611208
58679344
24099636
42914796
69127224
21361732
26970624
95347288
02167844
35363100
47956992
13355660
68734576
22063876
27709484
13682199
56748272
68249632
71783880
71974656
78456928
25949884
39905952
99715328
15524459
19665122
11835265
15611553
83394168
06124091
27676654
61912204
58531260
35187436
95373104
35862972
49277948
14644289
26956152
52088856
57790564
86299184
30421566
95359136
01201033
86007168
22466254
90725616
25625920
95027304
24048900
90183328
11574745
36755584
51466728
01674366
41270448
32749916
28092932
58302044
82625864
93008472
93591192
87238096
10959220
91649392
51578832
85453272
13340473
13623095
63706444
14385104
70521952
62770676
87028408
86655904
26117754
61093736
02436638
52787280
95884848
36716436
93321512
54994704
96229504
29611040
72967080
57758404
45601152
18713450
17146254
77131888
55706240
54848172
33438588
02591061
48026180
76354912
97206424
48502588
83178328
78438352
13732529
02923560
36596988
85811640
36263036
73015096
64736892
33244156
34606052
23978900
13534904
81200360
34634972
10167837
90856144
19465232
52265312
23213624
51533292
20409250
18320132
06607365
50145648
98116848
50244092
52742028
35338616
36462928
32684446
27664732
61292624
45177556
99479344
49621392
87052608
93287448
82361176
44576884
03880930
27034592
70745208
15023255
95869968
86634208
61146760
93650344
81644056
91860224
94918992
03500795
38211276
17220616
27287936
28448176
28836442
54371572
23133206
00197172
13988400
03165984
10903859
61481500
19689106
15107727
15836310
61073040
54931760
38225700
59489800
45288800
68999384
72995208
30589270
14225602
89814400
10731411
63056852
96844176
60041236
13194656
62879324
12803745
92716672
89266536
02984500
60693048
68465736
03882908
60077524
23286748
80693552
16726947
29910540
06831431
16020012
48478676
81285664
68325640
49271964
14134145
52911924
90738584
43471336
23052716
47071148
24875402
81074640
21915198
28950142
65295456
20867634
22569848
31719470
09135270
36841820
00790572
87510320
86179544
19835114
69122936
49534464
25766158
51942324
94717120
10765028
28128552
56685876
19909024
11369658
90187720
85015824
61051964
00689148
82782320
22472882
01962590
85362576
89032200
64238952
64205408
00385928
86590312
23574066
09420156
24869752
86127496
44930792
51862884
59489988
48573516
75409080
00548934
26049638
16635132
86984896
55356836
82578536
97545696
50649668
69016576
61930680
68959496
02631449
27114772
18155646
42089556
99394488
23431516
13764620
42150236
19200922
10223937
34107400
43075372
68027952
46143316
31074142
63255716
38964464
75786712
47429180
42260028
64327740
56619668
06975841
43282340
46555616
60305904
61590244
47515748
97222760
23140048
15163398
51481104
43106888
97881768
99092176
42552592
81702064
66981220
53556228
19695974
30343198
78228928
93837048
19474196
03029346
14549303
30217934
73090552
33274746
48789120
98814560
76476720
44487572
02812266
65958548
65687896
16725826
10973096
24845458
77821896
52754448
44401288
52782488
15414119
65178752
59398724
14338279
83494448
91257216
60223152
70739552
19956326
06357383
48785496
37994264
70017504
84407736
40907072
25203180
90059112
23604298
17485356
76616432
92388960
81409856
55890680
54884768
48628784
04120493
53256272
78244736
59349752
91552064
15826941
03734851
71854040
51070428
40697668
05854749
01101136
06848669
05867243
11001229
97711560
38366388
24079346
01912069
36160040
41868376
82072568
94046000
31460356
54390024
33378314
89656952
64565540
53045560
36962128
22586728
15320468
91349104
04660082
22161030
60785532
22630834
56775044
18322206
41674184
18359208
63323472
78025200
69625976
03868889
24570346
53934836
83140728
46282172
64585972
96476032
72951200
90851024
33489418
57047440
96507192
96374056
59199380
64074636
02680397
49684952
55380176
74905040
29019952
38724900
49749756
44221448
30219102
92788744
00733709
31824542
75331592
98336576
42863632
09406805
00564432
86811760
45275616
47351908
43912316
34501528
67299440
01990532
55199100
31298900
40743612
78250096
49565888
53943564
29496956
55535556
86353136
37403060
33397698
15219045
86630488
98798752
11014891
27405334
01449275
57998848
87038848
61980676
09340167
80400464
90961960
97886320
75785136
20799946
84935856
17218972
99545792
66450548
34650876
77248928
23106766
55569388
54937292
31404090
08934093
55573248
19875026
39893652
92973944
13312864
49474024
09950376
36268068
57528140
75542160
37315868
68055632
10992098
44308472
92488552
55280064
92406248
72092960
66649008
69959096
02503609
78468824
25875258
85857872
13231325
79009464
12021542
46145940
75037192
50473048
00740814
51172756
60831880
01697373
28050398
43393732
18676352
93686720
92775488
77892736
43228960
49432208
07265305
08036089
62598588
94502496
03841877
70782592
43056512
50909732
40197992
07903051
26830292
36718296
24724054
37215852
87024280
17400360
48230456
09597611
07419252
95503400
26045012
38907552
19441962
61099456
98793336
19727326
57490636
45410656
16995096
36704944
00135421
76232168
34456444
09754634
46478796
69203064
96294520
22042274
64664580
17688466
90425464
81120040
84835144
24614788
01026749
56782628
45809864
26474142
51255108
44647456
89939024
05291652
37144708
91375784
52737712
63069152
03373432
97578760
06481528
35345624
54155088
84788752
44939376
96111464
45617032
85827424
01855564
86778400
84708784
00661039
10467958
35342456
00812912
62686108
65744876
74407312
63957024
25701166
59864832
48527648
04195523
14290190
75358416
49175356
90303400
29552388
87278912
96799616
11099958
57173420
13813996
71889376
45039416
77514552
87253688
73158240
70627760
41083004
82172968
81328272
84283472
52438856
40129612
58710288
44170500
73628472
73952936
27143192
95940616
74133896
68664384
42550208
41350888
84453104
03636050
11345792
89020536
68456056
41204764
28766966
86620144
24916410
70206808
66159464
42143248
01901650
61316584
48219920
32493138
12503791
51546408
40479708
42538716
48222708
79070208
33342386
85500384
05009818
00198721
40028284
55694700
60931872
82200432
42841436
36112476
42683388
79759000
09933257
48429060
47602032
47441936
56898976
01321339
08141398
32708860
38045096
24136568
63610052
94336840
19375444
43363236
05965423
61108996
59194780
86695336
88569024
79864432
81525848
05228734
79544736
08604407
14294076
40656948
21556950
07748604
31063080
77447536
60874820
23150874
97052144
55446436
88597368
56272744
76073264
63522460
22105216
22433590
41676068
49944092
10375094
74423984
43963384
92608904
78158616
11892509
77478576
82787200
04706120
95810152
81603960
17698336
56155896
12167978
07577419
53943396
26769472
14616394
57898356
97832080
64015460
07942605
91581728
14444923
76217464
86931088
50975252
41393184
95615720
13600159
77960352
79883096
95401624
15068436
55430840
26280164
91073752
76928712
41185760
09332132
45489524
42569948
73342320
64811040
79161432
66481948
62124680
29556418
55006744
98510624
68437168
23685050
74933096
00896024
59739208
37001396
82490536
18541122
20905948
66483592
90085152
61458348
30580806
71971944
32669544
77274128
46528984
12983513
14078689
20841432
82012584
85471984
27701474
78805664
87122512
68369056
78870368
74512008
23423434
77851888
56921340
77175688
92032960
98262480
97845600
91222784
81470176
69690368
86424800
41886760
91069392
03228592
62988592
49573564
83062216
26771974
56580592
50364588
78009152
00157809
52592896
28842902
62972616
80942824
06329536
80814000
41182496
54261112
66689468
50159788
35824036
94868256
50950932
32335472
62657952
92467120
94975160
47792172
43193484
52930592
04820156
12754869
71358776
27245378
13433433
75973032
78817416
84675744
45217372
68413208
21142006
34030200
45633172
57123828
80358888
91909096
16341829
57285596
99286512
08736753
38904308
65016604
34166932
43822264
20844912
40844964
81333016
64029480
43577360
04999590
28364516
22659374
36361648
30365396
51289248
18738246
33927800
24732756
83731744
79648568
53516124
45620180
38495756
98554656
08354640
16636562
11061931
18208290
26791740
88811544
55778836
75057408
89987992
28374482
90094376
16339850
23946834
74616600
81185272
81072352
83138680
11825013
43166112
92924000
74015376
76534864
21879792
33715628
58818220
58088088
86786416
19478082
68219088
58555628
44749164
99364424
17978764
69331624
56945324
80135872
43899988
27289010
46513008
44359040
42576264
79367736
33534550
15582275
91549136
66443348
13445449
77831528
14602995
32706308
95284936
54277276
38371708
13476062
92297128
37952804
73000288
15841913
55351828
98589064
86618448
96574000
19260836
17045664
86555504
38628100
22519230
80846760
91807488
08499694
54693032
26056290
28088904
90318272
79629160
27377224
29220224
04630327
21987176
38590644
93215752
77223968
03499889
22826982
53390480
33906104
59883856
68277856
46299004
47531128
55823232
21043444
77340432
60870148
44718908
91108248
56710076
26300312
29403018
76587488
05901050
79345104
53502512
16819406
83874512
79202416
55207920
79557728
26833320
87671088
88339976
30105472
82843160
45222808
60117124
88867024
88271952
86823968
50674748
90832856
27790666
77888800
77061704
76356128
17629338
96360752
35266592
25957608
69838568
76920296
99522992
83290288
60234068
54127048
13408113
50267052
38676716
39901328
21671534
33854868
98952720
98584744
13996792
44284032
81915664
56606532
86082840
94442224
90820912
27252484
32528090
99648976
00565791
09598231
17545796
92247488
03771400
86313248
66970444
72390648
69822240
02784490
99110152
44548704
30333162
09548759
86196760
09085989
08466029
88834808
46666836
29886222
97805024
09213400
49766920
32901000
67303656
72900584
40174772
17760110
94398904
62527944
07377696
96984288
15377665
52691008
77867528
19625950
53495168
93640944
23780704
82596920
06646585
09284806
50095604
57160948
04447651
51903652
44823240
44375420
17778802
08381104
61281560
59496164
52301884
37791800
66807700
37303112
53769636
06352734
70586752
51876496
88319728
89884592
90501024
50701140
34367276
11012745
91587160
05608058
54681300
28845072
99441936
20728016
76009920
98698736
29955388
60277556
85192112
23967456
21215964
76824760
93931600
08746052
94977760
91587760
15502143
44753076
65093400
24938702
45069552
84213256
72502568
50730444
26793814
23951148
47293808
67393520
83215312
99993728
94945072
41962196
58639096
47549152
58818744
67050076
10707617
63132524
68485168
30319190
74913432
70154456
85966064
31645966
73780464
28364802
27587652
65706848
35036780
63277340
02267646
12527442
48727584
64843964
32595324
29632688
36878372
14985251
57433104
78412632
81428168
63273692
40975428
74339584
25646830
46335792
65975524
50764968
06966495
85955096
47630788
30998086
84908296
53955840
35867356
22855998
40851976
99271704
59574128
62419652
87297608
10971975
06221819
70501232
14329767
40547372
79864336
80134320
17810010
32918454
60610940
88279272
09713626
57024168
05601954
52162124
89050624
74205424
70919920
51413608
08525205
83118656
75578352
45712780
94784952
50802492
37883760
12669802
41755820
90328000
42815208
95490240
04672265
26801038
45101000
12792945
11099505
49662448
76998712
17461682
78507808
80796816
52122592
24440050
64158988
20322322
57400728
34384488
00391197
74996184
61275148
51579140
90894936
71564576
86003640
63143156
47445272
12844205
72892336
01666045
01446890
18088294
10088205
52640128
22992420
33873296
08591270
93865944
05161452
48778392
18513012
48374820
35756444
58668064
34173228
49641036
16970850
29285288
98036720
03293085
46943880
85846496
22428346
53503416
32069088
85254720
76172712
34989952
76519824
68807864
54105784
56240796
39152240
31950902
99020816
42918108
24843932
52029300
56819844
71501472
25407720
27706504
63284276
19161510
47777368
94259360
17349362
90776584
82143760
90561696
70509936
60621048
58037116
30107332
14265251
56288432
39925216
23281694
95453432
86061168
30104398
64784600
34930468
76396704
99552632
81148336
60397436
99927304
78385136
19263840
67500688
84368112
75019216
48189712
24672914
77889896
95731520
59749748
14125419
06250453
51511456
53096604
94770552
08702374
61099124
93193552
04439926
21882606
81241248
22036720
71407128
39712524
48527264
97878072
36987592
50742340
26788854
40589356
85697200
12864709
17200136
83041168
73067808
50937032
98993848
89812016
70906928
33021904
99162176
18844938
27107096
89059688
26274132
89604880
89505432
18183494
10371757
18256474
36719204
39893104
83756832
01259756
73086072
57690024
96292568
89294384
71097640
38338804
60678460
23168540
93911792
75827168
27391958
76831672
10325360
38731312
57329464
36349724
29856944
05772137
12625742
01007962
41217160
36961700
15398979
11015844
43421196
80378912
28730202
68668816
16855312
87419080
52503084
19718552
10051227
31327366
19451332
18599654
04703259
47912788
70340512
13126493
17348504
76675032
77357104
40892148
74702240
20612668
37375188
65117836
35818408
00024390
10265303
29238462
11034250
52700544
38075636
37610580
21122098
99436472
28960704
42828824
24053884
73698520
51312016
01148748
07024503
60864784
54747772
45849536
93486640
30248714
90518448
43677376
85697528
18446470
29950642
80756952
82341912
20530748
60685540
42032312
37223004
07218528
22135568
32526612
74863648
33544540
83103368
18442988
71683336
81924224
00718164
70298600
08603001
90890096
90055272
59401440
60394096
43916320
01896739
78654480
46101548
29080128
49810432
63984848
93553712
57302236
79083136
50431776
06975460
36557936
29288030
44213080
89396904
93905352
67489864
02405810
34598660
00009202
54970716
92896792
16545296
77127216
77344704
32744384
35150124
68145176
16061592
47501804
62986564
15524936
27914882
65817760
99181672
46498228
96069048
32554984
51642156
49829316
81528832
55154704
85402872
66075756
35215640
69417856
05998373
14764357
44864940
45079636
53796600
59603596
57972836
49582364
31004858
98735024
39546584
59673356
30374694
07552886
41677640
76472352
70861792
74224088
84450528
60436844
62216592
74323632
57322884
25884438
39746188
14452028
95338704
57835532
41781736
25726128
79352760
81895664
20541454
40306188
26346636
08291101
48801280
03171229
99124264
81736992
54001952
11124802
74689864
12813187
51254652
37087180
24435664
90550424
81117272
38224436
38163732
17969894
20056940
97250720
93144056
72338768
97939680
72264408
48280596
52172016
55230284
55522420
65407680
07259774
15107346
09209728
88027832
83905456
99159000
65469884
52545740
36322832
78239440
70322464
09750605
78605392
20889186
84698296
24638176
94074848
16040969
00695824
94749472
54685164
93944024
17609930
70237496
81942224
03302812
10571337
72690776
14020538
43541576
03255105
08755112
47372840
95398472
62335920
80121872
08740282
98214888
97836496
37980128
32117010
90800216
79246712
99548056
04513311
55529712
88172912
22158360
15751815
41044092
28190588
99598120
45713400
05305147
63897324
22557854
30177140
87476352
15266252
80188320
25442648
14900970
40991760
48593568
12280273
94717768
21493412
40128540
40461564
37509872
28698706
39440320
73775720
48805856
80202272
59804060
27120710
17925406
72659040
80481288
49448276
77230432
11961627
39263964
09748125
36759352
14643550
14161587
14112806
94209840
85063504
62541844
40881324
92662456
77968024
08701992
54779340
76429632
53142236
61901092
71697048
12493753
82879520
56453656
16679549
33364606
59060024
22021890
22271872
23610116
15426898
79958584
64072512
66755796
64929820
75830248
79069472
20846796
72267816
05552411
19398094
23857046
65457796
49497628
06793475
78199864
05434823
43266464
79579376
90661648
50597404
90755512
28113270
99792360
10397243
46713400
12392449
79938272
22824026
03502059
59429360
29318070
48876928
74820856
14093804
74621632
65792228
70331072
54474260
49076176
23386144
51207804
49838948
43556572
55675076
31267190
08026933
08778334
37660552
61278940
15224743
82495688
05165720
20606446
32871246
67340328
89072200
36542844
75897600
11015272
33682848
07909131
29027796
70309664
94581792
36503528
14887142
08351350
61533452
92956952
27816296
08807898
34523080
29835654
48028016
07175946
06169915
97821928
93262864
69096016
96904208
69326688
73738480
22987462
50356532
42546440
78351736
57873680
83034512
61243868
25866270
34589792
50862096
39342068
22271728
20981240
31883860
72130848
03493189
10240746
16539145
73543640
48411084
45184064
08924079
87204576
47438716
02597284
52685880
91734408
80498528
39121772
19614076
53949380
27271796
57122828
63643312
53501176
94494680
72333840
15020847
55706596
61013008
45754312
92903352
26735116
37107824
71357488
05546784
24915814
60217236
71326664
87510016
80873272
37214756
68714496
84745000
09579182
97613976
98467328
40487004
65165400
34902428
05500507
47069408
95683048
45124888
14063406
63958072
43499900
03102636
46151376
66325544
33541512
32339978
38041544
64442516
85438536
65862848
57224224
67813328
38563536
37707756
54339792
89219096
05443811
94468784
37031172
83244320
87686112
40675424
32009434
82959768
05181265
81555608
05264854
86674544
39365816
21602822
78775904
86722472
44732092
12461472
39972116
11627936
31084204
32363200
28567982
42225504
84289696
57065676
03050422
68460056
08459115
72441816
29835368
43095064
98908064
48135328
10643768
90073112
59120868
44682620
80895640
13213897
86055136
28997088
54407144
20894074
67072416
86165952
91212008
00409483
82423016
83977416
08679748
80862024
48140644
99905872
18008232
64502096
87032248
51068496
08421707
44016456
84752392
33704616
73780152
23316812
85714296
00274014
05701685
28409194
73592472
68749976
80985216
18662190
55677436
70792720
13318396
42337012
58421828
95658040
24803448
71920944
75645328
71244856
12403631
67882272
97576048
60830332
75427392
08310723
78569248
13643551
07177615
34370660
67933944
65920328
23116374
17090774
44962788
89604088
76221752
59095692
21458388
51387548
70887136
00466156
34929728
64175820
03296446
03437733
78216432
83886072
73615696
59095620
20245314
63030384
52062200
09695721
56007932
25501942
11380935
79406616
87273528
06487202
30793666
49557948
20616650
04353261
65508772
06165743
27853394
32283092
81955048
18859816
76947496
56716800
39414024
31901264
64748620
30392742
10950708
48726584
47953080
47740936
82226328
78163648
96733472
99717168
46721936
55596208
05770612
86767408
00155949
21232628
56925820
52446580
69864200
08009243
11354399
33405304
43340612
25991296
35725760
42999528
93465376
72809056
01888608
41886328
83792424
99393176
01160025
96680904
16084862
38520528
14496446
41950844
68211008
22703170
72361232
75500152
31393790
35794448
97701288
65574240
06485176
96487568
66817404
00247335
57364988
33600308
20468402
12482691
96683168
54089712
86019728
33941032
46991468
85915872
88511968
21017576
42565276
94740536
04497146
83789560
51477004
74205896
78656288
76517176
24386192
58774064
15992546
86868456
98388072
08575130
22380948
56597448
33559416
33411788
52059840
70021488
51498508
35442136
76267168
22450018
17470288
23214244
61884452
92287848
81919264
17271852
88093856
93536688
71453496
19216562
72764992
61287092
52532124
07758426
96059392
70250944
07837867
31097102
49227976
74908544
87900880
50120236
70830752
52623964
51253056
10331178
36199356
02635431
93911264
66869880
82393432
86540440
85249376
86628104
58540700
93786456
69188472
51035668
56606340
82880280
69179320
97123072
47618484
24174524
01549935
49908852
18156076
49456524
15914464
74721312
41133808
35950804
25483012
93321184
49465372
64782192
94450904
36648868
57705164
50936008
81692096
99223784
54221152
95175240
10630417
65771724
25574016
22830104
05709743
64019824
81462744
44409776
95281104
89691736
49082612
31675696
73813464
82879520
56106948
89555528
60048820
40859176
20433282
22379922
39533616
41719936
87127808
57177208
77613760
54784536
64065408
47524976
52496360
06549263
73634696
78368448
38543700
04346680
54868960
82762312
86534592
87098096
58073212
36634516
16616988
81987384
61984016
65369940
72579576
45024084
20045782
09714484
71510792
82047800
77613520
50444816
26361894
64373828
30998206
87116120
60765864
92128752
08058214
34489656
67658160
30860352
70156288
16813684
87837912
92157888
97859784
29653906
93339752
61391592
08558869
49051260
04576778
22166014
44474460
82507016
95606328
55912900
28297282
92730448
20813584
14215612
21952868
61943768
88985344
77084640
61779760
32774448
40541816
86583400
07544994
09095836
73726080
14461684
57529260
94341872
04236769
07600069
34473992
04489445
54350020
61152672
93342640
09989429
92454336
80299424
92570952
40326740
71541976
06051397
06065726
46944952
03834629
48880624
36775948
93532296
97473192
31966568
62335872
79185080
63667036
52257824
97415688
65741800
22702408
59559656
19140100
87768296
21773672
50331044
14033175
55606436
77470184
41686368
23077464
63016844
24240518
10451746
62881492
49486708
23483468
86972216
42017840
94011544
52067972
06703567
66891956
53470540
79766104
29314352
86388064
24505186
58959268
28508282
39061832
12603760
31440568
21630812
49163388
89249464
15851450
15475440
95965576
93707896
48948072
70554664
12518334
95880936
71302864
87334440
30151272
52561880
07764029
90191816
54151608
26411080
91423824
60452676
28418016
21726846
63388824
76281592
64899184
60840272
42687844
54996252
22152018
09072924
88915256
98725368
77244904
55330396
38324068
12847090
21261644
44658112
69019648
13498616
71445584
86099408
72834016
21482944
64168264
76370736
63050960
97782680
33641600
14389515
44699500
64772916
38711644
26741266
40717220
34365820
86604664
64687276
99289728
62514876
87661768
31427526
02683425
00617408
76997856
03220820
32348490
81352544
92342544
01174855
46023536
17938662
95161912
86644432
33197736
54616000
31244540
27035356
83482624
92773440
43531824
39723896
39825632
49726104
46756936
44186924
49819468
16188955
87842392
67366168
23388720
94558072
37647484
41436220
18755794
28995228
22959996
88907552
69327304
84070872
79175352
00502896
52450608
37658572
27791452
91336848
98443080
32981252
16151023
50304796
72836472
62721656
63081552
11934447
82326104
54910040
73386192
01881265
18665624
13394547
22518920
75887992
49464916
56967568
53969456
64734648
95548440
82849456
50944544
25174498
07801366
17714024
19773840
38947344
88326528
03931999
85457400
82577232
75819680
01749777
08642173
49164440
07108450
71930216
31260156
89701608
15266967
91915368
21664404
13915753
82349416
47022104
00725054
86370680
32385182
97863032
84296824
77022792
22190618
57914948
76626136
55719804
82971976
10041165
62082936
27936506
29067730
41465424
09680462
99832080
78005336
35732700
59828448
36951660
46816660
47597908
78099536
18942260
62606168
22107554
61708664
37758304
04132461
54332136
60251476
46848132
76606464
24967266
25045920
46838284
11262679
91886064
29206562
74826192
04221487
50636100
41122104
39385296
48703576
61170004
84482000
89400792
59318924
73476960
27249240
78266288
21856212
37745952
96503568
35735368
04416847
34038280
81458256
69129488
59604500
73218608
85193656
50172496
49192000
70125056
92168328
73287080
36021352
11076212
58233644
32908726
97316888
04944777
06908154
05481648
30300236
56323076
21951174
33433866
23130702
58016944
91079184
68282008
16017866
12455463
39154388
68148640
74444744
93093800
27569080
53779052
64952540
57555912
42609716
41513132
11397290
54620124
00439810
92081664
16817760
56184816
98507976
23577976
75390984
96347352
10069871
44487812
06737184
32159304
01756978
29766964
93742656
32877398
70696928
03409958
11548829
01269793
41705964
52489328
88519784
52251696
94504408
35904168
41639256
31379938
02905202
27739500
18001676
54509520
41803908
98309824
93602656
79985144
10451818
63963892
41162824
23699546
18285442
23726774
76066992
58338404
93693904
13584900
21498060
18103432
64598608
08895445
05828070
52703380
86045024
59021664
77262904
57825064
65912248
87473656
69915584
71321152
94842672
20846534
67957856
67692472
07547164
45229388
70540168
68673704
99323320
27400302
16904140
07888674
84985304
48065544
37981296
51894236
86790848
93895888
08431435
07322263
65393568
69918088
13297892
97769376
09992123
37940408
64770340
95143032
69028448
61449076
74946424
24670696
40792920
06615710
90522528
12500119
89545104
84968256
61615752
76012584
43738724
16772366
93346264
70836304
46142028
09437370
13886619
92490720
91631984
59124612
07693505
04781770
67223408
24132276
91302224
16712189
81803680
74794384
69458984
97186520
13985562
55576180
69075512
52198816
05831933
17367196
90712000
96875240
82247904
40570736
72397448
84206200
53865768
22015094
07956791
30061388
41848780
52671648
52695964
61296608
12447548
06229782
04047250
22531534
87523176
02255416
07166624
49781824
83431696
36593700
30429888
35412788
83073640
18808364
12442040
13715839
22161174
63138916
76043752
67295432
34416892
44782472
59386540
09639573
12645555
34055208
66022708
43645048
42437936
54420304
42115808
40499616
77324176
87570976
05695629
26575614
56508256
34539700
08928680
64475872
46328616
45064376
97168376
09222841
08336997
20026564
86736656
83223488
37171984
49834300
65368032
40556408
31856346
09748960
50969696
47805476
66745116
85157344
39682816
49258112
81451488
55547740
91146520
99859192
33424092
59086084
60208584
25723338
32191824
48338080
18430424
60476232
24250722
82130216
62648416
32273864
26912332
15815353
08833218
60008360
60610724
84732344
96788024
16692162
45362164
02050137
56747388
53585364
09430242
94282464
05704760
79977152
76078536
52217912
26704454
21989512
77756144
47768952
52937840
26355076
49913168
90846608
59279012
02586484
71281600
29958152
06977510
71173952
20924998
86553144
98930408
23396420
23970986
80743312
53241372
28012228
01649451
22585536
95158960
36853076
89789584
93556192
99105240
61870932
65139224
94925096
06203127
55989980
23621654
09509110
19797850
42654968
02052307
93266800
35212396
14984679
47528052
04187965
87332392
95666720
70759776
59593368
85980536
75150136
48444296
03435874
46737216
12594604
77888752
76534984
23862982
65391136
29206872
80031512
90004376
03735900
89324856
82874896
78458408
50544240
97405192
89440320
23564028
40708684
91078304
53318000
15766931
95079424
00102162
17190718
24480486
43787600
38230420
39051104
32135510
01583766
18506312
35771368
09521961
35973908
13670158
54459308
97885728
65460588
96149824
90394832
65964936
73006200
15491939
73393152
18914438
95288184
08701062
38996672
17326068
99449512
48045040
93286088
59398604
12706470
57865620
47547532
31670642
88770560
66965984
97554896
05492019
04693651
86548712
24224568
42593480
68928528
81774064
76853368
74995040
41969848
87317136
39246680
19284152
09059095
56518244
02490449
57247116
52448060
94699624
16872334
73723320
67868944
73615096
49177264
22406388
84405592
04750013
33775736
69031096
05859804
86125232
07071495
50966500
94304416
74425360
67174816
07380986
52423168
76453760
58551312
71942016
29628872
72787448
38884376
29889106
46617292
97244264
84600928
87908792
83286688
99449776
52741648
29112744
98152472
48650648
71484784
44955252
63144828
75487160
12739134
06761765
45088720
06458544
48852896
70948104
24920678
42014528
38519456
96534920
62727068
53996588
20650410
71551368
64167548
63999580
41269256
12449884
45378064
69217328
35913680
01348066
57253696
62912560
71656608
32631946
45145320
57764672
51154612
55708360
90566160
45596124
34160496
35498260
19473004
83140992
50722076
85973168
51375316
65171028
29704810
49035836
45458220
16461062
61225104
10479236
24803210
67588280
56325816
68138480
03690600
27939654
81770488
16930794
55920124
49820448
32582068
06893444
58274032
11955047
28813552
69559168
81089352
68791744
83246896
30699826
72359064
38860224
24084830
93918064
81243656
62475564
27158452
52412296
93758920
06193781
99103352
30274320
20780920
65118336
43890524
68099096
41594624
80984520
07162904
87205312
59892820
18679548
47435092
41689348
73003432
68874952
81711864
31373334
91642400
33928132
30499220
00774049
09649944
86933328
88520696
67624256
61027884
95878032
22228384
92787672
82538984
32774662
44078564
28509880
65590096
73090432
31240678
62117980
16991330
73307440
78282568
95319744
39062808
28747988
67589928
84289432
52655528
81506800
84861016
59109760
58103536
46333860
33453822
58640124
64610648
11196899
86652448
67995216
95710088
99511360
87582544
99996208
36319160
16479206
66174888
01471567
32819342
94788600
12071228
81458232
68934608
84313584
58646084
64805388
84268280
97108272
98714112
88436888
58806564
62168240
61874484
24765968
41871620
36471320
73750064
17373348
93861984
38615392
09273362
57579444
38033104
22490168
92498544
23210478
98726440
95491312
22529674
56572248
09764647
14798951
26105118
48837900
18699526
83086160
29116988
69577480
88812784
76776192
77789208
03506899
40813424
51315616
61940836
39947676
00765466
65512492
68642880
80862376
54009628
40093184
46439336
06236028
09183574
48562312
87179424
24667644
89127136
59907292
61988068
33654212
26627350
25899696
96581792
50584172
68515584
41619800
04381704
43656112
28409672
81649712
86902856
76664400
98973008
39548348
89275024
45750784
33563040
94071624
61994408
40192224
11075997
54469156
63232636
51156904
94231320
45866968
86113024
01839828
22394252
80379960
46150924
58631444
18741990
96747712
39096856
00971412
26662468
16300654
65321064
51516748
41977548
16815376
16104412
67187336
17601966
36335372
88771104
76284840
19599246
04749155
19405746
52498292
38927720
58618020
93146896
20004488
15684581
10918713
11044073
17754746
04258704
76053000
23079300
94089864
68720768
90262464
41500284
95249416
57140948
68211960
38603212
04531622
63272740
25001812
05713987
35184216
41416548
88043952
55065680
88904784
23067976
03666472
22797466
57168148
25140452
35595940
61178400
25654840
81177088
43681216
50421596
35954404
85965208
17347956
67395304
13001704
19661642
53240800
18499280
17467976
84316400
05923605
58276008
44898580
10825181
39041876
77089640
45924188
48149896
55602860
17611766
01221323
26891708
69212840
60578608
44906972
51543308
88472704
60782720
75296184
03078580
41773056
79811312
88830616
76268648
47481872
27931880
51276756
08466411
95019984
00980806
84772352
69004272
55161120
93211888
12261200
74089408
20850110
27970434
99451944
89157752
74440976
29716634
47714472
37440468
62049244
61744092
33014750
78915480
32806564
80255296
50837780
30608368
34978388
81908536
37014128
96603560
16195369
95750024
70927736
82889560
24982000
72486760
85009552
55810784
12051988
58014752
54148912
80921104
41184020
80077960
70391224
65436124
85014224
34154296
31618858
18410992
33699488
87521056
66430996
06095195
41980004
58317828
47841168
66650392
93386528
47718644
07440281
49180172
71306328
45659684
02363634
25664998
52007176
84751912
25591802
21708966
62839820
48987532
33755732
32609128
61960028
62426948
10095692
78329280
80408672
28666138
92114928
75868608
24006128
71201392
82206512
44863628
23257374
86981920
05283737
03810000
34694292
07105613
24231624
61056544
77504968
26172924
88710240
53007412
95797776
73446008
07147097
21401454
94609216
97363976
96464632
81112000
49741840
11392307
70878744
59260464
90694712
06271195
00021243
57110168
50888944
90806960
92734528
89552592
10608864
03497696
86052440
83631536
95618152
54643988
01582717
00874280
94288472
06291604
43091704
42360996
61308432
11069846
51139952
09277129
20769548
74134568
79861568
33663704
85885336
75196864
33722616
76253680
95752952
20206476
10572600
93893192
63042404
53919912
32327508
28477978
29704524
43968248
74740384
62014936
85264680
43693016
48730064
06199264
91421648
23715710
90040472
10344458
59669588
66869188
70478560
33411766
51706888
37667252
73698472
50321196
48464752
47390700
95758080
06415510
25616550
37638236
85975576
91593456
11556745
34334516
60333752
29737830
03927755
14098907
60486292
93173504
67441944
96801616
44991256
68411184
87101224
10420656
40284300
58375024
09259748
28928160
95783592
35199572
99569344
61985876
96618272
63506292
50394012
72427512
89463304
09854031
17086958
80768536
77204416
74687504
73118616
04746961
82453536
96831560
48398996
42020132
32635450
04206252
94529128
51158024
13063908
65246560
99199816
51652288
20197630
61870028
49610900
10799646
09683347
48263216
60145928
72587512
78574824
07170224
10053492
69091960
28740454
40960860
29184842
09663463
14102292
17513132
43266820
85622120
50987888
53466676
14522362
77697280
58180116
33545422
98161296
97147392
56323244
24778056
44882940
47773076
22444606
26605344
56340124
08533239
18391204
01016187
79222656
95395136
06287384
72252104
41225384
75295112
85265752
61767244
22097992
01130342
98036312
96373776
54385376
55181144
29846716
33988808
50252436
93109512
91876528
69037560
14530516
14621162
38091256
99778296
73949336
66519356
91079880
79747656
18877506
74252488
61597656
72151448
49652720
13456535
64379288
23013616
90045096
88099456
87594792
05745196
59539224
75915456
11223054
25929332
94660544
60113168
22385932
40530564
97414592
47129132
99534656
78982400
57396364
60724284
93036744
68824768
37963508
52894068
90825056
97045680
47061396
61230708
04847264
67991304
29881716
22021508
15657020
47871588
77808568
28867078
69203448
02451515
02820205
99371552
37747264
18411136
36311936
94834736
87487552
03509211
79683856
46894216
51334048
71692896
42526792
48207308
20433760
30365158
47538852
85830160
47857404
39589548
81671568
54406476
09736037
33647848
19658088
93718936
34159112
12311077
12468076
51252912
07976222
56478904
40993976
86086584
57208156
97574256
30815410
14856076
86339568
09448314
98011352
76802136
13563013
53858280
96274304
82391144
48273396
31234264
54405212
88720656
28379130
68246936
26384688
47573208
63103940
88264632
63715172
61267256
19114708
61215520
49244284
49060772
64543080
75633000
63896944
16013455
38278700
50305940
92025944
80224392
31771040
76192904
74315504
20939016
22080684
10280561
85523104
86906120
31262732
32890654
93397048
24325370
36552404
36638688
86723256
58032228
47778632
15656662
41662144
15727448
31604456
76188776
04925346
80601760
74173048
26480890
64642764
50968288
24286438
82537960
15603614
50171376
30432964
87200664
81771568
34785868
46230008
87802504
96993040
62068868
91761736
39542484
90778616
16379452
89462136
90431336
79758120
95040464
45172024
06234431
82105896
54122900
43885684
86941192
21039128
04914427
97024896
97506784
96922424
75418328
56094100
73820088
94611096
29031802
37816788
86927200
85770656
47465064
45434380
15891051
80998584
43318128
47886084
21566320
65355252
25886940
81865360
11366463
36501168
75250480
35223316
98379208
59363844
28142428
90008736
77064272
19477082
51380660
55004452
59898448
13605595
69267464
78642248
40453528
02697539
37682820
35523392
41793300
20034528
20634102
97471928
10826755
65616320
13649297
03795719
94672848
66757512
93528936
41215684
12037849
20158864
10306787
26211072
29834652
31305408
50384020
04277968
00085043
29506684
19002580
76672744
39086152
21108126
64676692
21467566
05584240
54696704
87645104
51558924
50840760
80977320
85875320
06641125
17533160
79990104
93726728
65491056
08472562
98698232
21521688
15157056
44896912
82585288
11240935
26405572
98653176
64127160
85170840
66523076
53663444
21670532
16836428
70032408
34811640
79284928
41926288
55164980
58088564
94756008
64407732
01118683
01984977
61627032
65503860
23511458
57272816
84475376
77911808
64065504
48980688
18524956
49139188
82559224
73074600
64952372
54645300
23706294
31893802
39413236
18484520
69518424
96188904
47029544
25851488
86219952
99155352
04442215
60335136
52701972
62105728
11235285
31703376
38801528
37486456
35114504
69843504
59925200
62996484
82216432
11803222
76893592
50746464
96057704
42090892
21722340
87587312
80188296
25111604
50852536
78886632
47692992
76226136
32744170
31506156
24151016
06223583
00000381
06560826
68127800
23941588
86405584
18775106
53485896
37501764
92292144
54177000
53054668
89791536
26744700
98249624
81800248
16888642
47672056
24528670
53389476
17340016
33847688
78492376
21564770
39119696
84913520
41704296
24394250
94167904
80266096
32260848
08075309
21952176
50616644
14344573
89501832
57443832
58751748
40911460
98910352
86640288
63407660
92697784
71904920
06213951
38196444
68021200
32575654
99384168
49985860
12765121
43681336
52572276
82538584
26307750
54404212
71832136
82986096
47522164
05264997
89151600
71075776
70687296
41542648
07553100
45314576
02082490
00655007
08940387
61385776
10770726
23849750
42757560
26362682
77673176
53161596
87240120
44935036
23495292
85403536
77405976
62471532
59242796
93794344
01893973
32078982
51570536
46247196
77010344
12878275
45539952
90086696
87266592
89591000
56082416
77344584
30516220
86341832
47309948
38369036
68669320
25306224
21922708
55130004
70131016
92114184
63456772
18227910
56720924
08962274
29301810
75883792
78925064
93729256
07639980
05230617
11160922
81807160
33114148
49594880
41365908
37173628
77199200
87244272
14565468
02042603
30394578
41764688
39306068
17227626
45040344
93393472
64272068
20796442
25880432
72530984
28466106
30150104
32907510
76916672
38546204
46075320
88047792
19219208
17307972
95454552
04662871
69119264
87514400
54564024
57566572
21746684
96792152
86056496
51624704
56460212
27001620
16333818
22802758
46011520
15803885
16092443
65745972
92780496
62068464
84755560
86914536
72894192
32781338
56231212
78167752
65417696
75345920
39029504
69153976
71046136
72586632
63707852
37987852
62183452
17301344
84096264
06090498
63231872
38247300
22649766
74887992
42720412
02281737
49216412
80285504
58800436
59210016
42810132
10070896
61791132
23633004
99966144
31333662
24852180
90607688
43819380
72699448
59833620
24072456
86012912
19362974
33773064
23998952
50580620
08661866
80077432
61559152
25042200
84408120
47480440
03791451
22969222
43850088
88688064
80437016
05162120
59885572
96941944
03448081
52023672
61931396
81050464
15360355
61777020
86744448
14194632
69441464
02659106
91865704
87167624
26255870
82583448
80460600
01438593
78481504
39023304
64902832
21939182
31892324
14625549
12001920
16341949
59491064
66635228
38316560
86511496
98824096
36865640
00995111
24922132
66572116
77791072
34914924
15111017
71034120
70785264
88148144
05876136
60261820
20638132
65268636
70070336
72280360
16282082
53266524
50520324
95449928
27025294
14260864
82718208
45255328
06571460
46618320
14199305
48065160
31278800
02932477
86392904
05922913
46569324
90675088
76384232
90174552
63855936
26773286
78812960
09759378
26047922
87587568
84484192
26203514
02613902
31944036
83629608
62923504
55534004
60349248
89948176
59154176
04290724
14207458
85006264
00573062
31497050
71211240
47382808
63036180
49142836
43881176
11106038
59333372
16023946
14841580
42806436
48094656
27200604
60647060
95436456
00857305
08951545
48996352
82012984
92391280
20259976
09471035
79704144
87883640
60686992
66657208
07719612
43804288
18910646
31362390
08047509
54724980
63048528
56654336
89411112
32860852
92391232
19663596
86291576
02578592
38743592
63823508
81967208
22919870
14312863
56524516
07763719
85189200
75197432
43489148
22259498
15634537
69706104
50808168
33061814
70018984
09200096
26312352
31742836
01947021
23658968
36395812
04551673
00039052
56564284
76046440
12765837
55812216
36143900
70788000
34012224
43622208
58570956
02141237
87833312
14694047
63140296
99295880
66064000
37829136
94324424
10848880
37382172
82200336
41129016
55644440
16238880
27110148
40461708
40159108
54239988
11841893
26845384
90515712
97886848
84406664
22827364
59758784
66204308
95934536
71890208
59000088
14621043
36027432
13263559
20825862
20479560
00359368
40210200
13212204
57626628
31135440
93634800
20154882
43359232
38817524
06348061
92211936
06158471
05502200
75733472
52832128
49617408
20171570
23965096
81519840
04009509
88176896
89411928
46272896
08698773
00504255
75022648
05793357
69101216
84182312
52432488
33170534
97528648
64034700
31600546
10502839
21423244
60693120
69480824
64334012
62087820
10208869
80604240
15733409
31597280
55585216
20763850
78147272
21505118
36629104
25477362
98136880
86885976
92853640
91546464
21507454
76081040
94313600
29005552
96335984
19220734
42908812
68713328
65232300
59565784
22424698
91958400
45210672
56122040
43265296
59988404
25270366
19354892
97745272
05164575
01157140
48313928
12554145
97629360
56681156
40423656
00439500
86974952
88411000
23712086
29296876
92955568
04521894
99735264
50842120
03583002
19622588
97053744
82574200
24878644
35440516
49160528
41320776
78436848
88482312
22557688
27145982
42891000
69324968
44992232
84691600
12008119
20611882
24288726
20782280
88159152
91138816
70167640
07582998
47731472
23007464
86555456
37619280
67298344
83320736
71805480
34802796
30853916
62005256
22426892
29011584
97714880
93959424
76449872
93197200
65642120
47385884
14860821
66068364
11203694
00549602
37426068
19963980
34881236
49188612
13034821
76618936
34703780
66769028
87186192
38553048
61251308
50753212
09382749
96109416
11227202
95632552
96509312
32233716
52190876
72100400
91719864
35890056
04476022
28632068
19266176
06926822
19129658
12390304
44094300
92908096
06686949
87690160
08647442
37699460
15183043
81577016
65012528
65798116
69166376
79431816
10887504
86577152
02265477
75923488
46492456
98752048
25928306
77263304
64763904
87315224
07152319
09122539
22753834
24057270
30603266
49415828
31885886
06268692
58171296
85095640
02549576
50956512
26485920
49095536
48932576
10197186
84381512
00309085
94959208
79477624
80587456
33427668
18887376
40447784
05990219
77849864
22799158
85573176
28388738
29552316
85967208
51066304
71647952
87411312
22024990
74329760
60361720
99788000
37176084
18628884
95679568
86899040
12380958
87042544
24113440
74686456
55492856
68494296
83707424
70869472
03303623
24036598
83455280
32977390
51093532
29287076
28035188
87635040
82143856
91802168
19249344
24064612
54083036
73714472
19296288
12860107
39982844
91762016
44277428
71140432
57599376
72791960
14609981
50065852
57033276
58325720
80559944
71307944
72879792
90790800
20975614
37166000
49203636
65641856
42884160
54325080
41887044
95647808
52834652
92102072
59900736
51896096
17895960
77681088
86223960
66406584
95501944
01308226
87420560
77700088
05627489
81386040
55427100
63572168
57700036
64845156
52868748
65119100
56904984
02286982
37684892
70288896
45801996
94436264
90385104
02817225
49428344
42506004
98608088
06360078
93985912
21335912
92995312
72379640
84810016
02087903
91535592
38890100
25947618
01967644
70287296
18725110
13150620
22651910
10955811
34617068
09409070
38349368
38099124
32210636
64323832
90857816
47557188
94002056
92957112
30316830
35131216
50423528
68552800
67160368
64635968
36924792
95098976
28464532
03476262
25817966
22857546
67166568
68776776
31348944
81758216
10579944
17444158
84334920
17338752
12635112
58471392
28899478
13802123
72593232
74725672
14666462
99239304
15287709
40635680
64044476
95817328
02142548
10096192
87086200
58039832
75461152
75747536
89130544
17439700
09422493
63938212
09612131
51138640
87456416
80262424
70935752
17428756
25329066
05777955
10102391
91005520
29944562
78489784
78064224
25785636
79411696
72541048
97535256
75218464
96880248
66391540
42792392
11897969
69369552
94265344
17915058
98739096
08291840
61296844
16403794
98581672
62537624
70173216
01361680
86124112
88220120
15896201
67764832
23852586
90730072
00388884
36056088
95010232
37298560
77163552
88174816
54572056
92655208
56046484
73576976
08388591
87079504
45287656
50008704
96552280
54274964
99680496
30112814
06265783
09295607
31608676
47312476
80882672
95088288
48976924
55304336
00040340
78327056
43173932
24485278
24234056
02000975
30597424
50976540
62740396
78086664
02676963
92060184
55799864
28478240
33963632
26832556
75156736
59416724
17195272
01282215
50410200
44378184
64525700
83589672
91871048
76734136
71010944
81011728
64300348
96256968
91201688
27020192
28495598
25866842
44332052
89100768
16847134
49955940
09638381
92279008
33269120
54292752
98406744
22256016
56929708
17911028
30846906
44287252
36247872
18239378
49350572
35388064
67536472
85715792
25662756
14286423
12074399
34620428
65668128
84585664
31397200
92818952
08333254
57072832
23076392
45132804
47240828
76730016
01465034
23072504
79846784
85319688
68253328
33794548
85331464
66106296
48540164
14558148
79036352
64132096
68476272
81047632
67833952
85404752
97864888
15403509
87115552
51104212
08729291
13287950
30901790
66503572
25744820
93577576
58320712
96424912
13777852
64545132
10142589
66619968
82121136
10170412
34162568
70662144
18755150
17853618
65764808
09170866
34999488
36631680
68877696
27787256
20639682
91295216
98984816
37779332
57295800
70714520
99294472
42321132
91641232
14458489
03943658
81414032
25716758
21876812
83752872
34732484
49271728
10209227
86711168
54669500
30430174
40283156
39039208
32000374
30419136
54767680
80462840
39003588
33557032
93448784
93806032
98125312
92194864
19374466
26869940
03230691
98453000
99906752
33019208
53979756
38040208
42021536
55983068
07735824
16326284
96231576
64286540
64291216
42698908
40875648
97235536
37717200
13008475
33720780
45503880
83783344
46895576
74204280
51417400
72399328
15622807
72854928
72899464
21316362
64305808
87814544
99170064
51442408
92928936
56670428
60269236
45248008
83623888
66889264
07950830
29682708
77639392
85490776
43698956
48539732
07611465
26095604
88848112
70619176
96847704
19660162
28603410
37542200
71913696
53701116
54660224
74757432
48446752
44696476
13956308
63853216
81384256
25410628
76693296
84607840
03994202
30683088
90951776
26688408
52438380
32179594
42625092
00284194
76824472
88993168
08401728
08019471
83354496
39375328
81506488
79940560
61302376
09037471
92995928
82691672
98999664
87660432
08949423
13002110
26571536
87953976
42438244
59669448
64510320
24989224
93967656
14557123
61621904
79399704
71073864
38639092
07453990
79319264
18889356
73522016
84682920
65941452
78256656
59918476
49910140
40100432
68260696
57677364
83826208
67190792
75613352
33882428
62100816
28657698
50193120
95925976
28214502
01439142
87676712
82770584
25595880
89979168
80119560
69773576
84721496
14497805
64838292
37318660
14907408
48807024
00009250
55638288
13070107
69679288
99983480
22390056
09962988
48055888
75305512
60045028
76805832
75713776
21741486
09258914
14818788
59459136
29924726
45111512
89210248
56997156
51472188
93082448
36867072
25110508
32308746
13251400
16442585
50603556
94051840
29610062
56637360
04163432
75096392
45213200
98305392
18789602
97114488
03616428
81487824
65863680
70941496
14094591
88011768
13793969
35476804
58984972
60542656
40658044
39841700
19483042
51777340
21750736
64971568
77497888
07388997
87084464
28790330
79285528
51976896
75992512
06443333
93255424
44094040
88505768
16681123
59696412
17948222
56128432
50640728
18980384
03609299
61569832
04412412
59513236
39178228
68569944
55453300
03753781
90133688
77223512
95698568
05959773
66005300
51454592
97501608
09760928
52225564
55181360
33165884
19164776
02469587
06630468
38461924
29628492
66152264
21147584
27696968
03035450
17180396
51002764
03483176
41779708
91956928
20104480
96051456
36952232
56230212
61249472
20181060
83320928
75039336
86216856
46973036
76239752
61849404
02947354
36550284
00860452
61724760
08301806
28700542
70230816
69741848
51264428
01551294
72669480
56351568
00854516
62228132
68401144
18239474
51103688
99852608
23128652
23345352
65523936
61144160
50068428
00317001
28063036
55794360
35862540
42086292
44570780
01225566
98482632
97976112
84702848
01123714
86570808
95733712
96705080
22407270
99021312
51569368
26714944
98152472
48675680
92405704
62892292
30825258
80342320
13408518
57304524
17455816
80207040
39870168
98154760
87053064
01103639
49150204
67612168
57767676
01674604
45284604
98481464
78062704
99954704
38941932
97175144
22774840
76951384
22085762
95635728
49794364
94110512
15466499
45658588
84179064
97614264
03041052
11170387
40915680
70039536
54674052
06817889
88556768
73665432
94882992
98486448
62114000
50030468
62299632
70266936
76521040
89132952
57741596
63262536
53544856
28466464
36027692
17786408
36513640
84795264
54270600
26396704
49725984
44710352
47055316
59027720
79179456
69209816
09538937
21221590
71434616
01637363
19243932
32962536
01613926
25521994
48300648
89109728
67470312
73611424
87427208
89257928
58413456
55209136
00272560
81050968
23837876
43509148
58429456
24017524
62913012
79249736
50593996
33428932
40122676
41928340
89910936
33252812
80144432
87533424
74545904
93188592
20905160
53300856
27834820
19853640
80298616
78837248
17816090
35322572
66799904
06117511
17364764
49942088
77075456
07442975
94438504
28027606
60116864
84346512
12045527
49189876
34358548
64476512
56964636
04918456
64801240
14752126
39012648
85560800
20370102
60373712
00987529
97479888
44691324
27406048
13761711
93247176
05331707
10368204
58758068
46992396
01552200
87858912
44890784
79663848
10404158
63055516
74228312
55294824
40495108
01593089
75317792
66355944
44439076
87612176
97869112
86404344
97929576
02587175
82726096
77665760
28640152
55261876
86456248
70571304
92272688
27271914
59105252
82165048
48329280
70573088
22275066
77382752
72107888
17445778
11533904
50613880
67811320
05274868
54879664
62662388
66747976
33276200
73465656
37460564
00057601
68353536
17911816
44273044
97362832
77178096
32540678
11546350
59872220
72575592
78137592
58646988
79949400
09888339
93406704
86719392
93041280
44832112
93500616
65101624
63311268
72625256
12991261
44430016
35318064
90895864
86879208
79147456
31637644
34023428
31774378
32228136
58571052
03924846
65295220
17146968
89505360
16949296
66862560
59297156
07593393
22499776
53893136
82323792
16120219
32646822
95222880
11016774
59135772
95103744
08656645
92268704
60191320
35569288
13387990
12183571
69304512
01193141
53272724
54733132
00021719
65253520
15957522
98144696
18196798
33863116
37642240
53420876
44790340
91541816
43576384
88555600
54317856
20316910
66569472
33122874
96142864
73295120
71271184
55054452
00488090
03433537
07776761
04331469
99034336
70313264
55278420
64665676
36402892
23584486
84566472
09030604
77632904
76233104
49868916
47120832
60039784
88907864
74815152
18367910
09627295
05975413
28837490
71840024
15476346
11276317
21082854
39639880
27807760
65064884
45737172
04685569
50380040
37710000
92274216
52878212
24440504
71658208
59830928
78420472
12940907
97958088
81688544
39426400
39750840
92711016
94297456
57694268
67910888
78439904
39840532
99831032
60391308
96786712
94490312
98964760
00872135
58053160
99486280
66010476
38115192
02275943
51933072
39271332
33524490
46340180
39495660
03592991
87802648
99429368
09782314
11698532
17328548
41219616
78374144
34451176
21017694
44729256
64938976
29368734
00551056
61618136
16420913
86492680
82611392
49842404
01359796
54316972
05495333
60306288
67763688
04523015
18700910
06364131
61960268
66487288
51900172
86370448
28097106
28308916
88140800
82615496
19021248
90176752
00880908
05741429
96471216
91803480
41294672
39706256
43154596
99406072
18050622
77096152
55257796
17896486
86393408
14089727
06251240
64828800
77796912
32786798
47766852
17830300
74145032
55558872
78084824
72005440
95468448
38542176
78611232
19160200
25781346
07305789
88591312
54580808
39823032
05768513
51616072
11334276
95488528
75723288
81676456
36574744
11819959
58365036
41528128
63667800
64760448
29032254
45244004
16288161
55221416
06440258
41542696
08158874
26339364
85934424
00175213
45124580
08826780
52024032
67978832
20299364
71592832
60733964
55988788
03957915
20816398
61425828
84198496
24368310
58311152
35614156
67383528
15308380
88286928
38362692
62031888
70327664
97165680
63622500
03414368
85616800
61742996
14914703
71472856
44377924
60095192
20047808
43698144
34894468
71477840
28216338
32343126
90940760
41506340
97371792
27969552
84258624
34849620
17828990
52215528
86676480
71972040
34335780
81669232
14902091
59596588
40223552
37252188
97811368
15770197
49906276
74923232
34714820
52114676
91392568
34914328
05405545
51023056
44625212
16119528
21225024
28974866
80609560
05133247
74597456
59620120
35355784
25023508
70394608
22575664
29251670
33051110
90367032
98734616
32822942
55559564
89842392
81224560
41344000
68635368
54832004
61545824
00908279
65769936
95581816
43718384
74994040
24984264
10855532
49015928
10902834
44323756
49396156
01559877
17152094
75458480
30707574
02313566
84371016
23778272
41763616
21390724
14076805
88897320
97376488
06788897
01323008
36049460
83307600
51063512
24641990
58301948
80899360
75772408
07057118
09018993
82506632
89252904
73536488
27896738
60553360
20370268
63148140
31133414
59566616
36163092
93391728
34793256
70563624
62873840
20944070
07389664
98478864
34656096
65074112
00703978
31813454
89122704
85512160
03235316
76143024
36068320
00371027
36244320
58575820
84176448
53774856
94120768
87958120
12201715
74359176
54791832
86400176
27845216
94848136
12626362
11599398
51305844
97644208
06622529
04918241
60888052
45858048
36351536
60494828
36751388
80780528
78679416
65121460
96488408
80958080
62722968
85061120
22658658
24312950
27940536
96895744
26860142
38765812
37065412
58545088
67416928
76699328
85906864
37047480
57049872
37204288
92872408
06874799
44760632
92314936
37453868
87384488
71432736
70330312
41783808
60552692
09356213
50018884
67763496
01235961
72829888
52128792
28904868
04247570
89041928
27631616
04916024
23818470
17124510
11742949
64144968
84731392
80594488
51854704
22390008
09062171
08056450
05132937
69414832
55296804
73511432
06906152
71930000
27802468
76306816
88835624
60287072
45098924
77747248
98037984
24590182
87572960
39049268
01167345
19709850
63806916
03064346
02840256
36369516
62828256
54661132
89937472
79140640
16779398
11752176
19186902
74622056
73148248
02698135
47916580
34335160
71312592
50947048
67073728
08503962
26366926
49120092
61629556
08226442
61989380
55605628
63815524
47707392
18471814
56131672
05241394
92359376
84139584
34215188
55044220
28276658
45943236
68267176
66828608
88742328
92377304
85543248
25435710
98288872
41102196
04853391
71179632
16157031
51513052
80051400
24066686
88992544
98018480
96835944
21773552
48245312
59212612
86788056
47210024
59217596
70454312
25626612
06793475
77959608
67224720
46183060
99020312
34707476
28550386
46485804
86966440
45392704
15325332
73199632
66309808
69302152
61460232
62229872
97633408
25031972
12542605
03960371
62037112
57802200
81869960
88748120
90073872
71752616
46672676
27885652
74526808
72376320
29123830
84417704
08547115
51471424
80499984
63565088
38434004
60491656
83363816
95758728
16974068
83246544
24778414
50868560
47873448
09395027
02226257
16723299
68518952
98113680
96751640
05113840
48521948
08676243
21893454
63522100
16045260
72724248
76475096
17146922
88703152
34326004
17317032
47658636
98951576
79183176
31819988
98690320
88238624
26624990
86259936
70838640
85187792
51462412
28839040
97998880
67379448
46505212
13283801
60854220
76992128
06990123
83166816
84992432
67915440
55053808
89556216
71451064
78262736
61827184
29757118
28121806
43358492
26429176
95183232
44547440
08864641
88242104
85237432
85909104
74657080
61890792
98580096
36081360
19834160
53130532
65218164
21850776
46262740
38144184
89563680
97159768
64523436
45633340
59906100
42042564
09601140
66463732
56038500
39277268
33097816
75311160
54888868
17491436
78810808
73365184
49025488
71718288
69640728
51996088
98605632
65069724
26923228
98777080
46629308
98988512
99934792
04101681
37062336
06912184
73167232
21707224
33391548
11752081
17609906
69757744
18675828
84696552
95318248
14059114
91822432
59706592
88847968
67885424
50698304
86721136
22112322
41946172
89469912
21016670
27214622
96522880
60218192
87420824
81817552
07657838
05346060
51261520
52415776
52127980
15017748
03596282
42958212
98837544
62729956
02638244
41157484
34189344
20602464
65656828
94508192
99444128
57479860
64309240
45731236
05109882
81947728
95635176
40780736
02039909
84816936
18301654
96151736
22319364
21756554
62675976
95245072
84231280
75331400
94982192
65767644
56965732
23117900
42773796
99368360
84029416
82494664
88061976
57924248
33000136
33342028
79551552
23137044
64593316
20063018
99317528
30054354
23587656
37770128
02914404
82613184
79829904
01548838
31669498
69340824
11253142
31782032
60674524
56750060
98472712
31260348
93047384
47671388
13190603
94595816
71909760
87401584
58595540
15391517
85584184
13598180
45001172
34795880
14708257
01767873
12763929
23458790
72081496
73946568
20231866
37139464
03190589
24402260
28980256
71281960
36177780
40057756
50723504
10184836
76676728
05795765
09752941
17761492
17597032
53685784
97113208
81840352
90746096
69615200
22814440
42533208
55971716
16853810
62288596
84665368
71028992
84477640
15728045
41504024
58336996
70097400
27153636
71451640
87955688
71377800
46948648
66310192
75582024
07381439
59940408
18499280
17463278
05393719
52560424
83085920
25238252
79449680
10815120
69770816
38346364
87334160
25501632
05961942
02642107
06148457
37135864
42758488
42217328
46924400
58423304
20677376
24804592
91014936
88387064
21549416
81130480
60111380
92302944
35580492
01677131
87752056
48827480
43662000
27300548
40525580
13511992
96271344
32678056
20243120
26227688
08767247
51228620
99627568
40844728
77703144
56803320
93828944
83068416
30919814
69388744
17068648
72909712
93616224
08173108
65664268
19419408
82004216
45103692
58009792
70670512
59411432
28135896
80175832
15206814
81066992
93024280
59424780
52365280
03575015
85490368
36671664
40759780
49592660
04142141
17145658
67165784
55486824
67030884
88360592
76790928
25398326
69740632
30875968
32459402
45244648
26892876
88924336
51651836
12471437
07765555
16036844
31389404
61866568
91754488
17700792
97339032
77162984
78343344
16802598
01249456
99750760
11373329
51858712
89632608
55430340
17863702
35336400
98965240
08833885
71445032
76780536
50789668
22225810
49456192
10421133
48347808
81758144
09423208
76159072
05868315
28849244
69637416
96303656
75705192
77596976
72584464
27115654
33059406
29499506
98609544
30877734
62414812
06128764
06263590
72304272
18253016
78757120
71034120
70740656
38382744
98925784
45956064
83864880
17201256
01916027
02751469
44292568
25517010
64558484
34776592
90522816
17199850
77986904
25964236
81019976
02738642
28730106
67064404
51608752
88328024
29226040
02434897
23418046
87181040
52184368
62836456
92659592
29986906
89984224
65230560
30065846
17039848
88817456
55268432
96574072
20404268
34716512
80493096
47412372
59812616
70783880
65025900
90634848
99897936
84688376
57742428
77050256
83666232
78362584
39965104
93828560
76912192
63295652
10242319
42874884
98200752
60320260
02877998
70677968
84866568
52572276
82369544
85091520
33329248
64989280
75213768
18003750
89101288
25673724
98273400
81320736
57897784
88159464
96463088
55324912
45883704
67416216
64559080
44489908
42071676
98965216
08665633
43382572
31266118
89811824
67730216
41833688
98961904
52756380
76885416
13525963
30864406
38416316
63094304
26337052
46878504
87151048
47885228
07073450
83679176
95951296
53551076
32996226
67879912
58030176
13540626
77294872
95059136
58995344
34770940
95436336
98842784
51124884
56186436
25469018
58104348
60165404
00186800
39926028
36988784
70735600
53222440
09945440
53324200
20049382
70337536
63217736
00873518
81535384
65465808
84219168
71971008
17095066
17075730
91937832
99220992
07276249
92060640
63226296
44685412
27853846
39942740
17988324
29788638
57831596
76012064
34769700
74467160
69647024
57785128
94887968
82209824
00756430
13525176
17950916
01065874
14312696
53619360
80936768
04493618
24268460
80290624
44609548
52672984
75123216
95982312
75058840
14047813
01842784
71975872
98575400
56988096
98947192
05744433
46984936
76149488
44725704
05252719
82735016
27682400
58117056
73638248
38049984
06254744
23852134
83179976
05884647
03601765
35227968
76744624
47236516
04233575
53779696
75412488
57809784
09122825
27414442
54810096
93572640
75569392
94775776
96464160
73240256
49034524
23559260
60576056
01973056
61545108
88796184
97889016
20785188
36774208
64417408
63747500
04607463
37980104
31785178
13597989
41581036
52782464
15182447
71660208
93481184
38294364
13584208
10065293
67702504
76343944
12782717
39447664
97124008
63269664
73443272
61073256
58442664
46077468
24037338
95737984
68382096
98086192
34804104
52937580
22182060
13964534
02088832
07028675
31095504
22243452
45768784
36310484
70330360
42672872
03245425
46120812
52673888
90121672
74999520
17098284
71160624
96976568
85360552
54877924
33331490
02579331
51210212
90366248
85684920
06715011
59245348
36612416
45132900
48796700
26442290
15803099
02718734
93973592
14405942
20723032
92100264
29456950
83053992
88753152
74532912
74947168
37067676
96649336
85446072
92331504
15804172
20896268
03640341
83327272
81519440
97285888
84063104
48879624
19944548
08365106
92667272
58992864
93115088
85558960
89515424
85797712
02565288
15199804
63134552
02709865
45066740
36987376
47181344
77095248
40167760
99887160
03771686
90770360
77740792
89621640
71072384
13726187
96366760
36457632
43789412
68851880
93801000
13519120
16089916
23599410
35483788
76287368
62065124
28787636
33883976
88114096
33957936
31163024
57234476
39958216
77982640
54572080
93316528
70989584
22226692
64324736
05911064
47338916
25278782
60620856
54821276
81230184
36038352
96949216
25867366
52952028
64820624
40548992
07211232
99473664
53926824
48209428
55891896
75468136
93011592
46117856
03103232
56079124
22009802
18892718
30032300
53282212
14170361
61534216
05756211
44715024
25751806
10948849
17375708
33881356
43941284
21527862
19164038
90024880
48393536
50439096
30053710
12968040
54145408
22052718
40249156
67965456
95828912
96829752
17806506
73960064
46991516
86705568
60674812
61594580
20363594
50954796
97479056
30591344
48926924
15213251
89169504
71876792
33498120
03177499
04318499
81147432
45137572
27547980
99127936
43236612
77941176
57746600
47426532
97764752
32540822
13681388
43380832
01707482
97893568
97549344
12015438
43659640
87701464
98778912
77263280
64198852
90286920
52448060
94583008
56959296
15204000
33981992
35383272
86685392
21441602
69321296
83233568
06851578
54850148
66555880
04741573
91947056
54388140
01771521
74299528
52471852
94487784
56473828
55912732
25637888
96190024
66125108
64900780
87645576
59612252
03224778
98853848
36861064
24128414
26535892
88900184
45520400
61492656
07462501
22335982
00968551
78498224
19598650
94607760
72739864
39121796
20086790
98831776
65833260
59590792
42784452
78636024
35989500
75762752
44523764
11157513
24538494
18503190
83210256
14890575
66190576
65249156
42969584
89886264
18522548
08597803
03662872
61945104
11403990
67078780
93225192
36077356
52293396
95172640
66848160
17077302
18280602
42262100
99230216
62539672
04470706
39410664
75327560
30693244
61760712
12607074
87474224
79578808
81028176
40733980
16164422
75665880
16599822
93534800
39495300
97812440
33992340
09338403
50794888
09816980
94073536
94066096
68894264
06125808
56844760
90094832
24006558
78364088
65590216
74854496
79858112
75557592
96731064
59042740
31683158
99176240
55169988
42157864
47368692
25657702
29105782
81095816
77414728
09362316
52527116
23405028
68625000
80527808
30850982
12535548
85221816
23330522
16095996
25528478
57329012
28882576
29653264
82734224
14534879
87786768
32257486
51693368
10572624
94315032
52929188
81046792
53569604
44632076
31604648
79673072
65548636
76091216
65211772
14454985
45272516
95231440
54858400
05297827
40880896
85296272
74601816
32972764
73275160
35905792
68756080
83508304
24225522
58716584
49925876
04298305
41990160
28780842
19789600
03930997
68449904
37809824
69894024
09148097
52158548
28956652
74452952
31013990
52240632
08569455
26902366
48197220
50870776
85262368
04870319
55531980
25998520
57442236
31834530
42996692
45525740
51241564
17048026
26368260
71356368
86793232
34067868
78744200
53880548
70655728
10870981
08905387
73079944
54697348
98461936
49935912
72956560
81324648
23474144
30132556
37897228
38915276
49289252
04542541
46693872
84066080
98726536
97271016
34222700
81222512
06804657
66068744
17424082
46783616
92536136
55088828
78281544
77949904
04095792
38295912
39487148
60682724
94637392
70685576
12508392
28666664
00690293
01823091
40757656
14150953
35268544
58444096
70043376
19052196
10355592
46816064
37920596
31624484
12961364
41718052
55418492
18674778
67090368
87910056
04326319
12485647
46529316
18262386
36316800
76631240
41526556
36973620
15672660
10399318
81374048
53794788
29228688
46663260
69766400
63977836
75809888
37048532
74813368
88522056
90272216
05079221
66559388
63980152
14619303
06632375
70485064
42796232
76449088
79892376
51402284
18338156
09636545
61764764
80586936
24702048
67407392
16074061
56958152
95656872
05202317
35530544
62115884
81989456
96857520
84600112
74334744
44146920
77578976
69952848
97616168
35339688
54468276
48519848
73268960
31786108
29483962
36983420
80465456
83220216
82598712
36837576
29456354
73186520
45909856
07342696
08860826
24134756
32907200
71593952
79696488
58895684
60093068
84221032
03165364
00411057
08768940
79633640
02875852
34801100
02491927
82214808
84299800
26798486
02523207
07764101
91465160
55349756
63397004
13800287
41682220
53077628
75885912
14678264
97806808
39433360
56628276
51731588
53058052
47034408
07280946
71136688
94730136
29739810
37056780
13556123
37815140
59181952
71157912
51037336
84851696
02757692
48787116
65449192
04578304
47877980
85569856
72672032
98884752
56117964
74912144
48408104
95067904
06697702
68523904
81318928
27592516
47536232
41534496
70284080
64586972
13654923
98396160
44533252
70529008
81133560
11921167
59306668
67252896
19685460
53586984
36745048
74316856
43839740
14802575
87013840
41674112
17119504
27737832
90142152
19445062
13538480
41435216
02067637
50969576
45731472
09231257
49746968
97397848
65940212
57267116
88724448
91996552
86311624
39806676
31035566
14869976
19906616
70582536
81004808
47879196
05889463
84231376
76982760
49455476
98490616
32143568
37004996
43162108
25782370
24484658
14036298
08263015
76862600
29854632
67030048
74266864
03542041
31334114
32583046
23634840
30756664
27299762
27310752
11956716
56684828
01930308
42762732
13641572
73932768
88154200
07646322
11889935
34445284
22259092
08842015
08059788
60949040
70612312
81333640
74522280
96289920
45055056
40596388
03694582
94942760
03082347
05215168
51429556
76693392
85968040
65261768
54888080
04344702
21634268
07544970
08533883
29312896
61999536
26449776
41654228
82967184
29796624
91987320
31007504
43400096
25703526
99247120
46677564
10176802
41754032
60097076
51800944
18812204
76807664
06793070
71451976
93553880
60357668
31435632
38749552
63986944
28887414
10954380
10431242
18182374
91222192
71596432
21616864
14750314
08880329
51922656
64319108
11500788
93846752
82716608
18214440
30359650
54669596
32128500
83983184
05394125
59079004
40909672
68911096
89144536
52647160
40877104
21807194
13756847
11478043
11674976
21522450
28044748
48172640
37869360
70413160
34215428
58745312
32496666
71700096
63914584
12455177
34541536
39776300
20667840
64706040
14559340
99234656
36855744
34691812
65308096
33520270
75272824
10610414
29464818
15279722
06530046
50890876
23060990
86267040
90206432
99532560
43836524
60651136
63903880
32889318
70991704
57945468
89636040
13041019
80676008
21673608
68451336
61745216
51911496
76904968
41857004
90998816
17332506
07563758
24204230
00767421
98186016
12600803
81961464
26580382
36755944
57250428
08099794
33603548
75197408
43081404
69140744
48597240
